        R1=R**(1.d0/3.d0)
        R2=1/R1
        R3=2.77001483568451d-1*R2
        R4=1.d0+R3
        R5=1/R4
        R6=-2.01044343231772d-1*R2
        R7=exp(R6)
        R8=R**(1.1d1/3.d0)
        R9=1/R8
        R10=R**2
        R11=-5.33333333333333d0*R10
        R12=2.01044343231772d-1*R2
        R13=2.77001483568451d-1*R2*R5
        R14=R12+R13
        R15=-7.d0*R14
        R16=4.7d1+R15
        R17=1.11111111111111d-1*R10*R16
        R18=R11+R17
        R19=-R10
        R20=-2.77001483568451d-1*R2*R5
        R21=1.1d1+R20+R6
        R22=5.d-1*R21
        R23=-3.d0*R14
        R24=1.d0+R22+R23
        R25=1.11111111111111d-1*R10*R24
        R26=R19+R25
        R27=R4**2
        R28=1/R27
        R29=R**5
        R30=1/R29
        R31=R**(1.4000000000000001d1/3.d0)
        R32=1/R31
        R33=R**(5.d0/3.d0)
        R34=1/R33
        R35=1.27883036498538d-2*R28*R34
        R36=R**(4.d0/3.d0)
        R37=1/R36
        R38=-3.35073905386287d-2*R37
        R39=-4.61669139280751d-2*R37*R5
        R40=R35+R38+R39
        R41=1.11111111111111d-1*R*R24
        R42=-3.d0*R40
        R43=-1.27883036498538d-2*R28*R34
        R44=3.35073905386287d-2*R37
        R45=4.61669139280751d-2*R37*R5
        R46=R43+R44+R45
        R47=5.d-1*R46
        R48=-1.1d1+R12+R13
        R49=1/R
        RTmp1=-9.836d-2*R*R5-3.72787240661234d-2*R*R5*R7
        RTmp2=-5.11194067179096d-4*A*R18*R5*R7*R9
        RTmp3=-1.02238813435819d-3*A*R26*R5*R7*R9
        Ei=RTmp1+RTmp2+RTmp3
        RTmp1=-4.54097765396547d-3*R2*R28
        RTmp2=-4.918d-2*R5-1.72104364530918d-3*R2*R28*R7
        RTmp3=-2.36002525d-5*A*R18*R28*R30*R7
        RTmp4=-4.7200505d-5*A*R26*R28*R30*R7
        RTmp5=-1.86393620330617d-2*R5*R7-1.24911276606537d-3*R2*R5*R7
        RTmp6=-1.712877925d-5*A*R18*R30*R5*R7
        RTmp7=-3.42575585d-5*A*R26*R30*R5*R7
        RTmp8=9.37189123161677d-4*A*R18*R32*R5*R7
        RTmp9=1.87437824632335d-3*A*R26*R32*R5*R7
        RTmp10=-5.33333333333333d0*R
        RTmp11=1.11111111111111d-1*R*R16-7.77777777777778d-1*R10*R40
        RTmp12=R5*R7*R9
        RTmp13=-5.11194067179096d-4*A
        RTmp14=(RTmp10+RTmp11)*RTmp12
        RTmp15=1.11111111111111d-1*R10*(R42+R47-2.5d-1*R48*R49)
        RTmp16=R5*R7*R9
        RTmp17=-2.d0*R
        RTmp18=1.11111111111111d-1*R10*(R42+R47+2.5d-1*R48*R49)
        RTmp19=R5*R7*R9
        RTmp20=-5.11194067179096d-4*A
        RTmp21=(R41+RTmp17+RTmp18)*RTmp19
        RTmp22=-5.11194067179096d-4*A*(R41+RTmp15)*RTmp16
        RTmp23=RTmp20*RTmp21
        RTmp24=RTmp9+RTmp13*RTmp14
        RTmp25=RTmp22+RTmp23
        RTmp26=RTmp1+RTmp2+RTmp3+RTmp4+RTmp5
        RTmp27=RTmp6+RTmp7+RTmp8+RTmp24+RTmp25
        dEdRhoi=RTmp26+RTmp27
        dEdGami=-5.11194067179096d-4*R18*R5*R7*R9-1.02238813435819d-3*R26*R5*R7*R9
