        UTmp(1)=R**(1.d0/3.d0)
        UTmp(2)=1/UTmp(1)
        UTmp(3)=2.77001483568451d-1*UTmp(2)
        UTmp(4)=1.d0+UTmp(3)
        UTmp(5)=1/UTmp(4)
        UTmp(6)=-2.01044343231772d-1*UTmp(2)
        UTmp(7)=exp(UTmp(6))
        UTmp(8)=R**(1.1d1/3.d0)
        UTmp(9)=1/UTmp(8)
        UTmp(10)=R**2
        UTmp(11)=-5.33333333333333d0*UTmp(10)
        UTmp(12)=2.01044343231772d-1*UTmp(2)
        UTmp(13)=2.77001483568451d-1*UTmp(2)*UTmp(5)
        UTmp(14)=UTmp(12)+UTmp(13)
        UTmp(15)=-7.d0*UTmp(14)
        UTmp(16)=4.7d1+UTmp(15)
        UTmp(17)=1.11111111111111d-1*UTmp(10)*UTmp(16)
        UTmp(18)=UTmp(11)+UTmp(17)
        UTmp(19)=-UTmp(10)
        UTmp(20)=-2.77001483568451d-1*UTmp(2)*UTmp(5)
        UTmp(21)=1.1d1+UTmp(6)+UTmp(20)
        UTmp(22)=5.d-1*UTmp(21)
        UTmp(23)=-3.d0*UTmp(14)
        UTmp(24)=1.d0+UTmp(22)+UTmp(23)
        UTmp(25)=1.11111111111111d-1*UTmp(10)*UTmp(24)
        UTmp(26)=UTmp(19)+UTmp(25)
        UTmp(27)=UTmp(4)**2
        UTmp(28)=1/UTmp(27)
        UTmp(29)=R**5
        UTmp(30)=1/UTmp(29)
        UTmp(31)=R**(1.4000000000000001d1/3.d0)
        UTmp(32)=1/UTmp(31)
        UTmp(33)=R**(5.d0/3.d0)
        UTmp(34)=1/UTmp(33)
        UTmp(35)=1.27883036498538d-2*UTmp(28)*UTmp(34)
        UTmp(36)=R**(4.d0/3.d0)
        UTmp(37)=1/UTmp(36)
        UTmp(38)=-3.35073905386287d-2*UTmp(37)
        UTmp(39)=-4.61669139280751d-2*UTmp(5)*UTmp(37)
        UTmp(40)=UTmp(35)+UTmp(38)+UTmp(39)
        UTmp(41)=1.11111111111111d-1*R*UTmp(24)
        UTmp(42)=-3.d0*UTmp(40)
        UTmp(43)=-1.27883036498538d-2*UTmp(28)*UTmp(34)
        UTmp(44)=3.35073905386287d-2*UTmp(37)
        UTmp(45)=4.61669139280751d-2*UTmp(5)*UTmp(37)
        UTmp(46)=UTmp(43)+UTmp(44)+UTmp(45)
        UTmp(47)=5.d-1*UTmp(46)
        UTmp(48)=-1.1d1+UTmp(12)+UTmp(13)
        UTmp(49)=1/R
        VTmp(1)=-9.836d-2*R*UTmp(5)-3.72787240661234d-2*R*UTmp(5)*UTmp(7)
        VTmp(2)=-5.11194067179096d-4*A*UTmp(5)*UTmp(7)*UTmp(9)*UTmp(18)-1.02238813435819d-3*A*UTmp(5)*UTmp(7)*UTmp(9)*UTmp(26)
        Ei=VTmp(1)+VTmp(2)
        VTmp(1)=-4.918d-2*UTmp(5)-1.86393620330617d-2*UTmp(5)*UTmp(7)-1.24911276606537d-3*UTmp(2)*UTmp(5)*UTmp(7)
        VTmp(2)=-4.54097765396547d-3*UTmp(2)*UTmp(28)-1.72104364530918d-3*UTmp(2)*UTmp(7)*UTmp(28)
        VTmp(3)=-1.712877925d-5*A*UTmp(5)*UTmp(7)*UTmp(18)*UTmp(30)-3.42575585d-5*A*UTmp(5)*UTmp(7)*UTmp(26)*UTmp(30)
        VTmp(4)=-2.36002525d-5*A*UTmp(7)*UTmp(18)*UTmp(28)*UTmp(30)
        VTmp(5)=-4.7200505d-5*A*UTmp(7)*UTmp(26)*UTmp(28)*UTmp(30)+9.37189123161677d-4*A*UTmp(5)*UTmp(7)*UTmp(18)*UTmp(32)
        VTmp(6)=1.87437824632335d-3*A*UTmp(5)*UTmp(7)*UTmp(26)*UTmp(32)
        VTmp(7)=-5.11194067179096d-4*A*UTmp(5)
        VTmp(8)=UTmp(7)*UTmp(9)*(-5.33333333333333d0*R+1.11111111111111d-1*R*UTmp(16)-7.77777777777778d-1*UTmp(10)*UTmp(40))
        VTmp(9)=-5.11194067179096d-4*A*UTmp(5)
        VTmp(10)=UTmp(7)*UTmp(9)*(UTmp(41)+1.11111111111111d-1*UTmp(10)*(UTmp(42)+UTmp(47)-2.5d-1*UTmp(48)*UTmp(49)))
        VTmp(11)=-5.11194067179096d-4*A*UTmp(5)
        VTmp(12)=UTmp(7)
        VTmp(13)=UTmp(9)
        VTmp(14)=-2.d0*R+UTmp(41)+1.11111111111111d-1*UTmp(10)*(UTmp(42)+UTmp(47)+2.5d-1*UTmp(48)*UTmp(49))
        VTmp(15)=VTmp(1)+VTmp(2)+VTmp(3)+VTmp(4)
        VTmp(16)=VTmp(5)+VTmp(6)+VTmp(7)*VTmp(8)+VTmp(9)*VTmp(10)+VTmp(11)*VTmp(12)*VTmp(13)*VTmp(14)
        dEdRhoi=VTmp(15)+VTmp(16)
        dEdAbsGradRho2i=-5.11194067179096d-4*UTmp(5)*UTmp(7)*UTmp(9)*UTmp(18)-1.02238813435819d-3*UTmp(5)*UTmp(7)*UTmp(9)*UTmp(26)
