        R1=R**(1.d0/3.d0)
        R2=1/R1
        R3=1.05220005583892d-1*R2
        R4=1.d0+R3
        R5=R**(2.d0/3.d0)
        R6=1/R5
        R7=1.19503784087549d-1*R6
        R8=sqrt(R)
        R9=1/R8
        R10=5.65988515663942d-1*R9
        R11=1.76643562018143d0*R2
        R12=R**(1.d0/6.d0)
        R13=1/R12
        R14=5.32984651443838d0*R13
        R15=R10+R11+R14+R7
        R16=1/R15
        R17=1.60819794986925d1*R16
        R18=1.d0+R17
        R19=log(R18)
        R20=-6.21814d-2*R19*R4
        R21=2.00000058733626d0*R4
        R22=R18**R21
        R23=-1.d0+R22
        R24=1/R23
        R25=R**(7.d0/3.d0)
        R26=1/R25
        R27=1.08110574760319d-1*A*R24*R26
        R28=1.d0+R27
        R29=A**2
        R30=R23**2
        R31=1/R30
        R32=R**(1.4000000000000001d1/3.d0)
        R33=1/R32
        R34=1.16878963750065d-2*R29*R31*R33
        R35=1.d0+R27+R34
        R36=1/R35
        R37=1.08110574760319d-1*A*R26*R28*R36
        R38=1.d0+R37
        R39=log(R38)
        R40=3.10906908696549d-2*R39
        R41=1/R18
        R42=R**(5.d0/3.d0)
        R43=1/R42
        R44=-3.98345946958497d-2*R43
        R45=R**(3.d0/2.d0)
        R46=1/R45
        R47=-1.41497128915985d-1*R46
        R48=R**(4.d0/3.d0)
        R49=1/R48
        R50=-2.94405936696905d-1*R49
        R51=R**(7.d0/6.d0)
        R52=1/R51
        R53=-4.44153876203199d-1*R52
        R54=R44+R47+R50+R53
        R55=R15**2
        R56=1/R55
        R57=1/R38
        R58=R**(1.d1/3.d0)
        R59=1/R58
        R60=-1.26129003887039d-1*A*R24*R59
        R61=-3.21639684429148d1*R4*R41*R54*R56
        R62=-3.50733454945515d-2*R19*R49
        R63=R61+R62
        R64=-1.08110574760319d-1*A*R22*R26*R31*R63
        R65=R35**2
        R66=1/R65
        Ei=2.d0*R*(R20+R40)
        RTmp1=1.0904545425357d-3*R19*R49
        RTmp2=1.d0*R4*R41*R54*R56
        RTmp3=-1.26129003887039d-1*A*R28*R36*R59
        RTmp4=1.08110574760319d-1*A*R26*R36*(R60+R64)
        RTmp5=-1.08110574760319d-1*A*R26
        RTmp6=R60-(2.3375792750013d-2*R22*R29*R33*R63)/R23**3
        RTmp7=-2.72717582083485d-2*R29
        RTmp8=R31*R**(-1.7000000000000002d1/3.d0)
        RTmp9=R28*R66
        RTmp10=RTmp5
        RTmp11=R64+RTmp6+RTmp7*RTmp8
        RTmp12=RTmp3
        RTmp13=RTmp4+RTmp9*RTmp10*RTmp11
        RTmp14=RTmp2
        RTmp15=3.10906908696549d-2*R57*(RTmp12+RTmp13)
        RTmp16=R*(RTmp1+RTmp14+RTmp15)
        dEdRhoi=R20+R40+2.d0*RTmp16
        RTmp1=1.2436276347862d-1*R
        RTmp2=2.70276436900797d-2*R26*R28*R36
        RTmp3=2.92197409375163d-3*A*R24*R33*R36
        RTmp4=-1.08110574760319d-1*A*R26
        RTmp5=2.70276436900797d-2*R24*R26+5.84394818750326d-3*A*R31*R33
        RTmp6=RTmp2+RTmp3+R28*R66*RTmp4*RTmp5
        RTmp7=6.21813817393098d-2*R
        RTmp8=5.40552873801595d-2*R26*R28*R36
        RTmp9=5.84394818750326d-3*A*R24*R33*R36
        RTmp10=-1.08110574760319d-1*A*R26
        RTmp11=5.40552873801595d-2*R24*R26+1.16878963750065d-2*A*R31*R33
        RTmp12=RTmp8+RTmp9+R28*R66*RTmp10*RTmp11
        RTmp13=R57*RTmp1*RTmp6
        RTmp14=R57*RTmp7*RTmp12
        dEdGami=RTmp13+RTmp14
