        UTmp(1)=R**(8.d0/3.d0)
        UTmp(2)=1/UTmp(1)
        UTmp(3)=4.49276922095889d-3*A*UTmp(2)
        UTmp(4)=1.d0+UTmp(3)
        UTmp(5)=1/UTmp(4)
        UTmp(6)=-8.04d-1*UTmp(5)
        UTmp(7)=1.804d0+UTmp(6)
        UTmp(8)=R**(4.d0/3.d0)
        UTmp(9)=UTmp(4)**2
        UTmp(10)=1/UTmp(9)
        Ei=-1.8610514726982d0*UTmp(7)*UTmp(8)
        VTmp(1)=-1.2407009817988d0*R**(1.d0/3.d0)*UTmp(7)
        VTmp(2)=8.96328655897011d-3*A*R**(-7.d0/3.d0)*UTmp(10)
        dEdRhoi=VTmp(1)+VTmp(2)
        dEdGami=(-6.72246491922758d-3*UTmp(10))/UTmp(8)
