        R1=R**(8.d0/3.d0)
        R2=1/R1
        R3=4.49276922095889d-3*A*R2
        R4=1.d0+R3
        R5=1/R4
        R6=-8.04d-1*R5
        R7=1.804d0+R6
        R8=R**(4.d0/3.d0)
        R9=R4**2
        R10=1/R9
        Ei=-1.8610514726982d0*R7*R8
        RTmp1=8.96328655897011d-3*A
        RTmp2=R10*R**(-7.d0/3.d0)
        RTmp3=R7*R**(1.d0/3.d0)
        RTmp4=RTmp1*RTmp2
        RTmp5=-1.2407009817988d0*RTmp3
        dEdRhoi=RTmp4+RTmp5
        dEdGami=(-6.72246491922758d-3*R10)/R8
