        UTmp(1)=R**(1.D0/3.D0)
        UTmp(2)=1/UTmp(1)
        UTmp(3)=1.05220005583892D-1*UTmp(2)
        UTmp(4)=1.D0+UTmp(3)
        UTmp(5)=R**(2.D0/3.D0)
        UTmp(6)=1/UTmp(5)
        UTmp(7)=1.19503784087549D-1*UTmp(6)
        UTmp(8)=sqrt(R)
        UTmp(9)=1/UTmp(8)
        UTmp(10)=5.65988515663942D-1*UTmp(9)
        UTmp(11)=1.76643562018143D0*UTmp(2)
        UTmp(12)=R**(1.D0/6.D0)
        UTmp(13)=1/UTmp(12)
        UTmp(14)=5.32984651443838D0*UTmp(13)
        UTmp(15)=UTmp(7)+UTmp(10)+UTmp(11)+UTmp(14)
        UTmp(16)=1/UTmp(15)
        UTmp(17)=1.60819794986925D1*UTmp(16)
        UTmp(18)=1.D0+UTmp(17)
        UTmp(19)=log(UTmp(18))
        Ei=-1.243628D-1*R*UTmp(4)*UTmp(19)
        VTmp(1)=-1.41497128915985D-1*R**(-3.D0/2.D0)
        VTmp(2)=-3.98345946958497D-2*R**(-5.D0/3.D0)
        VTmp(3)=-2.94405936696905D-1*R**(-4.D0/3.D0)
        VTmp(4)=-4.44153876203199D-1*R**(-7.D0/6.D0)
        VTmp(5)=UTmp(4)/(UTmp(15)**2*UTmp(18))
        VTmp(6)=2.18090908507141D-3*UTmp(2)*UTmp(19)
        VTmp(7)=-6.21814D-2*UTmp(4)*UTmp(19)
        VTmp(8)=2.D0*R*(VTmp(1)+VTmp(2)+VTmp(3)+VTmp(4))*VTmp(5)
        VTmp(9)=VTmp(6)+VTmp(7)
        dEdRhoi=VTmp(8)+VTmp(9)
        dEdGami=0
