        UTmp(1)=R**(4.D0/3.D0)
        UTmp(2)=A**2
        UTmp(3)=R**(1.6D1/3.D0)
        UTmp(4)=1/UTmp(3)
        UTmp(5)=1.08310862522922D-6*UTmp(2)*UTmp(4)
        UTmp(6)=sqrt(A)
        UTmp(7)=1/UTmp(1)
        UTmp(8)=1.00000587778078D0*UTmp(6)*UTmp(7)
        UTmp(9)=asinh(UTmp(8))
        UTmp(10)=2.52002610049301D-2*UTmp(6)*UTmp(7)*UTmp(9)
        UTmp(11)=1.D0+UTmp(5)+UTmp(10)
        UTmp(12)=1/UTmp(11)
        UTmp(13)=R**(8.D0/3.D0)
        UTmp(14)=1/UTmp(13)
        UTmp(15)=-1.64553078460206D0*A*UTmp(14)
        UTmp(16)=exp(UTmp(15))
        UTmp(17)=-1.508D-1*UTmp(16)
        UTmp(18)=2.743D-1+UTmp(17)
        UTmp(19)=1.64553078460206D-2*A*UTmp(14)*UTmp(18)
        UTmp(20)=1.D0+UTmp(10)+UTmp(19)
        UTmp(21)=R**(1.9D1/3.D0)
        UTmp(22)=1/UTmp(21)
        UTmp(23)=1.0000117555961D0*A*UTmp(14)
        UTmp(24)=1.D0+UTmp(23)
        UTmp(25)=sqrt(UTmp(24))
        UTmp(26)=1/UTmp(25)
        UTmp(27)=R**(1.1D1/3.D0)
        UTmp(28)=1/UTmp(27)
        UTmp(29)=-1.68002727510265D-2*A*UTmp(26)*UTmp(28)
        UTmp(30)=R**(7.D0/3.D0)
        UTmp(31)=1/UTmp(30)
        UTmp(32)=-1.68001740032868D-2*UTmp(6)*UTmp(9)*UTmp(31)
        UTmp(33)=UTmp(11)**2
        UTmp(34)=1/UTmp(33)
        UTmp(35)=6.30010228163496D-3*UTmp(14)*UTmp(26)
        UTmp(36)=1/UTmp(6)
        UTmp(37)=6.30006525123254D-3*UTmp(7)*UTmp(9)*UTmp(36)
        UTmp(38)=3.15005114081748D-3*UTmp(14)*UTmp(26)
        UTmp(39)=3.15003262561627D-3*UTmp(7)*UTmp(9)*UTmp(36)
        Ei=-1.8610514726982D0*UTmp(1)*UTmp(12)*UTmp(20)
        VTmp(1)=-1.2407009817988D0*R**(1.D0/3.D0)*UTmp(12)*UTmp(20)
        VTmp(2)=-1.8610514726982D0*UTmp(1)
        VTmp(3)=UTmp(12)
        VTmp(4)=-5.44442602281889D-3*UTmp(2)*UTmp(16)*UTmp(22)
        VTmp(5)=-2.19404104613607D-2*A*UTmp(18)*UTmp(28)
        VTmp(6)=UTmp(29)+UTmp(32)
        VTmp(7)=1.8610514726982D0*UTmp(1)
        VTmp(8)=UTmp(20)
        VTmp(9)=(-2.88828966727793D-6*UTmp(2)*UTmp(22)+UTmp(29)+UTmp(32))*UTmp(34)
        VTmp(10)=VTmp(2)*VTmp(3)*(VTmp(4)+VTmp(5)+VTmp(6))
        VTmp(11)=VTmp(7)*VTmp(8)*VTmp(9)
        dEdRhoi=VTmp(1)+VTmp(10)+VTmp(11)
        VTmp(1)=1.8610514726982D0*UTmp(1)
        VTmp(2)=UTmp(20)*UTmp(34)*(1.08310862522922D-6*A*UTmp(4)+UTmp(35)+UTmp(37))
        VTmp(3)=-1.8610514726982D0*UTmp(1)
        VTmp(4)=UTmp(12)
        VTmp(5)=2.04165975855709D-3*A*UTmp(4)*UTmp(16)
        VTmp(6)=8.22765392301028D-3*UTmp(14)*UTmp(18)
        VTmp(7)=UTmp(35)+UTmp(37)
        VTmp(8)=1.8610514726982D0*UTmp(1)
        VTmp(9)=UTmp(20)*UTmp(34)*(5.41554312614611D-7*A*UTmp(4)+UTmp(38)+UTmp(39))
        VTmp(10)=-1.8610514726982D0*UTmp(1)
        VTmp(11)=UTmp(12)
        VTmp(12)=1.02082987927854D-3*A*UTmp(4)*UTmp(16)
        VTmp(13)=4.11382696150514D-3*UTmp(14)*UTmp(18)
        VTmp(14)=UTmp(38)+UTmp(39)
        VTmp(15)=VTmp(8)*VTmp(9)
        VTmp(16)=VTmp(10)*VTmp(11)*(VTmp(12)+VTmp(13)+VTmp(14))
        VTmp(17)=VTmp(3)*VTmp(4)*(VTmp(5)+VTmp(6)+VTmp(7))
        VTmp(18)=2.D0*(VTmp(15)+VTmp(16))
        dEdGami=VTmp(1)*VTmp(2)+VTmp(17)+VTmp(18)
