        UTmp(1)=R**(1.d0/3.d0)
        UTmp(2)=1/UTmp(1)
        UTmp(3)=1.05220005583892d-1*UTmp(2)
        UTmp(4)=1.d0+UTmp(3)
        UTmp(5)=R**(2.d0/3.d0)
        UTmp(6)=1/UTmp(5)
        UTmp(7)=1.19503784087549d-1*UTmp(6)
        UTmp(8)=sqrt(R)
        UTmp(9)=1/UTmp(8)
        UTmp(10)=5.65988515663942d-1*UTmp(9)
        UTmp(11)=1.76643562018143d0*UTmp(2)
        UTmp(12)=R**(1.d0/6.d0)
        UTmp(13)=1/UTmp(12)
        UTmp(14)=5.32984651443838d0*UTmp(13)
        UTmp(15)=UTmp(7)+UTmp(10)+UTmp(11)+UTmp(14)
        UTmp(16)=1/UTmp(15)
        UTmp(17)=1.60819794986925d1*UTmp(16)
        UTmp(18)=1.d0+UTmp(17)
        UTmp(19)=log(UTmp(18))
        Ei=-1.243628d-1*R*UTmp(4)*UTmp(19)
        VTmp(1)=-1.41497128915985d-1*R**(-3.d0/2.d0)
        VTmp(2)=-3.98345946958497d-2*R**(-5.d0/3.d0)
        VTmp(3)=-2.94405936696905d-1*R**(-4.d0/3.d0)
        VTmp(4)=-4.44153876203199d-1*R**(-7.d0/6.d0)
        VTmp(5)=UTmp(4)/(UTmp(15)**2*UTmp(18))
        VTmp(6)=2.18090908507141d-3*UTmp(2)*UTmp(19)
        VTmp(7)=-6.21814d-2*UTmp(4)*UTmp(19)
        VTmp(8)=2.d0*R*(VTmp(1)+VTmp(2)+VTmp(3)+VTmp(4))*VTmp(5)
        VTmp(9)=VTmp(6)+VTmp(7)
        dEdRhoi=VTmp(8)+VTmp(9)
        dEdGami=0
