        R1=R**(1.d0/3.d0)
        R2=1/R1
        R3=1.05220005583892d-1*R2
        R4=1.d0+R3
        R5=R**(2.d0/3.d0)
        R6=1/R5
        R7=1.19503784087549d-1*R6
        R8=sqrt(R)
        R9=1/R8
        R10=5.65988515663942d-1*R9
        R11=1.76643562018143d0*R2
        R12=R**(1.d0/6.d0)
        R13=1/R12
        R14=5.32984651443838d0*R13
        R15=R10+R11+R14+R7
        R16=1/R15
        R17=1.60819794986925d1*R16
        R18=1.d0+R17
        R19=log(R18)
        Ei=-1.243628d-1*R*R19*R4
        RTmp1=2.18090908507141d-3*R19*R2
        RTmp2=-6.21814d-2*R19*R4
        RTmp3=(2.d0*R)/R15**2
        RTmp4=1/R18
        RTmp5=R**(-3.d0/2.d0)
        RTmp6=R**(-5.d0/3.d0)
        RTmp7=-1.41497128915985d-1*RTmp5
        RTmp8=-3.98345946958497d-2*RTmp6
        RTmp9=R**(-4.d0/3.d0)
        RTmp10=R**(-7.d0/6.d0)
        RTmp11=-2.94405936696905d-1*RTmp9
        RTmp12=-4.44153876203199d-1*RTmp10
        RTmp13=RTmp4
        RTmp14=RTmp7+RTmp8+RTmp11+RTmp12
        RTmp15=RTmp1
        RTmp16=RTmp2+R4*RTmp3*RTmp13*RTmp14
        dEdRhoi=RTmp15+RTmp16
        dEdGami=0
