        R1=R**(4.d0/3.d0)
        R2=A**2
        R3=R**(1.6d1/3.d0)
        R4=1/R3
        R5=1.08310862522922d-6*R2*R4
        R6=sqrt(A)
        R7=1/R1
        R8=1.00000587778078d0*R6*R7
        R9=asinh(R8)
        R10=2.52002610049301d-2*R6*R7*R9
        R11=1.d0+R10+R5
        R12=1/R11
        R13=R**(8.d0/3.d0)
        R14=1/R13
        R15=-1.64553078460206d0*A*R14
        R16=exp(R15)
        R17=-1.508d-1*R16
        R18=2.743d-1+R17
        R19=1.64553078460206d-2*A*R14*R18
        R20=1.d0+R10+R19
        R21=R**(1.9d1/3.d0)
        R22=1/R21
        R23=1.0000117555961d0*A*R14
        R24=1.d0+R23
        R25=sqrt(R24)
        R26=1/R25
        R27=R**(1.1d1/3.d0)
        R28=1/R27
        R29=-1.68002727510265d-2*A*R26*R28
        R30=R**(7.d0/3.d0)
        R31=1/R30
        R32=-1.68001740032868d-2*R31*R6*R9
        R33=R11**2
        R34=1/R33
        R35=6.30010228163496d-3*R14*R26
        R36=1/R6
        R37=6.30006525123254d-3*R36*R7*R9
        R38=3.15005114081748d-3*R14*R26
        R39=3.15003262561627d-3*R36*R7*R9
        Ei=-1.8610514726982d0*R1*R12*R20
        RTmp1=-1.8610514726982d0*R1
        RTmp2=-5.44442602281889d-3*R16*R2*R22-2.19404104613607d-2*A*R18*R28+R29+R32
        RTmp3=1.8610514726982d0*R1*R20*(-2.88828966727793d-6*R2*R22+R29+R32)*R34
        RTmp4=-1.2407009817988d0*R12
        RTmp5=R20*R**(1.d0/3.d0)
        RTmp6=R12*RTmp1*RTmp2
        RTmp7=RTmp3+RTmp4*RTmp5
        dEdRhoi=RTmp6+RTmp7
        RTmp1=1.8610514726982d0*R1*R20*R34*(R35+R37+1.08310862522922d-6*A*R4)
        RTmp2=-1.8610514726982d0*R1
        RTmp3=8.22765392301028d-3*R14*R18+R35+R37+2.04165975855709d-3*A*R16*R4
        RTmp4=1.8610514726982d0*R1*R20*R34*(R38+R39+5.41554312614611d-7*A*R4)
        RTmp5=-1.8610514726982d0*R1
        RTmp6=4.11382696150514d-3*R14*R18+R38+R39+1.02082987927854d-3*A*R16*R4
        RTmp7=RTmp4+R12*RTmp5*RTmp6
        RTmp8=R12*RTmp2*RTmp3
        RTmp9=2.d0*RTmp7
        dEdGami=RTmp1+RTmp8+RTmp9
