        RTmp1=R**(4.d0/3.d0)
        Ei=-1.8610514726982d0*RTmp1
        RTmp1=R**(1.d0/3.d0)
        dEdRhoi=-1.2407009817988d0*RTmp1
        dEdGami=0
