        UTmp(1)=R**(1.D0/6.D0)
        UTmp(2)=1/UTmp(1)
        UTmp(3)=1.40338520858864D0*UTmp(2)
        UTmp(4)=1.3072D1+UTmp(3)
        UTmp(5)=1/UTmp(4)
        UTmp(6)=4.48998886414974D-2*UTmp(5)
        UTmp(7)=atan(UTmp(6))
        UTmp(8)=5.82273159043811D2*UTmp(7)
        UTmp(9)=5.45811064158192D2*UTmp(7)
        UTmp(10)=7.01692604294322D-1*UTmp(2)
        UTmp(11)=4.09286D-1+UTmp(10)
        UTmp(12)=log(UTmp(11))
        UTmp(13)=2.D0*UTmp(12)
        UTmp(14)=R**(1.D0/3.D0)
        UTmp(15)=1/UTmp(14)
        UTmp(16)=4.92372510921348D-1*UTmp(15)
        UTmp(17)=9.17252572333538D0*UTmp(2)
        UTmp(18)=4.27198D1+UTmp(16)+UTmp(17)
        UTmp(19)=log(UTmp(18))
        UTmp(20)=-UTmp(19)
        UTmp(21)=UTmp(9)+UTmp(13)+UTmp(20)
        UTmp(22)=1.42530524167984D-1*UTmp(21)
        UTmp(23)=log(R)
        UTmp(24)=-UTmp(23)
        UTmp(25)=-6.93147180559945D-1+UTmp(24)
        UTmp(26)=3.33333333333333D-1*UTmp(25)
        UTmp(27)=-4.7747065276706D-1+UTmp(8)+UTmp(20)+UTmp(22)+UTmp(26)
        UTmp(28)=R**(4.D0/3.D0)
        UTmp(29)=1/UTmp(28)
        UTmp(30)=-8.20620851535581D-2*UTmp(29)
        UTmp(31)=R**(7.D0/6.D0)
        UTmp(32)=1/UTmp(31)
        UTmp(33)=-7.64377143611282D-1*UTmp(32)
        UTmp(34)=UTmp(30)+UTmp(33)
        UTmp(35)=1/UTmp(18)
        UTmp(36)=-(UTmp(34)*UTmp(35))
        UTmp(37)=UTmp(4)**2
        UTmp(38)=1/UTmp(37)
        UTmp(39)=2.01600000001887D-3*UTmp(38)
        UTmp(40)=1.D0+UTmp(39)
        UTmp(41)=1/UTmp(40)
        Ei=6.21814D-2*R*UTmp(27)
        VTmp(1)=3.10907D-2*UTmp(27)
        VTmp(2)=-1.66666666666667D-1/R+UTmp(36)
        VTmp(3)=3.05750857444513D0*UTmp(32)*UTmp(38)*UTmp(41)
        VTmp(4)=(-1.16948767382387D-1*UTmp(32))/UTmp(11)
        VTmp(5)=UTmp(36)+2.86604660161766D0*UTmp(32)*UTmp(38)*UTmp(41)
        VTmp(6)=R*(VTmp(2)+VTmp(3)+1.42530524167984D-1*(VTmp(4)+VTmp(5)))
        dEdRhoi=VTmp(1)+6.21814D-2*VTmp(6)
        dEdGami=0
