        UTmp(1)=R**(1.d0/6.d0)
        UTmp(2)=1/UTmp(1)
        UTmp(3)=1.40338520858864d0*UTmp(2)
        UTmp(4)=3.72744d0+UTmp(3)
        UTmp(5)=1/UTmp(4)
        UTmp(6)=6.15199081975908d0*UTmp(5)
        UTmp(7)=atan(UTmp(6))
        UTmp(8)=1.21178334272806d0*UTmp(7)
        UTmp(9)=1.14352576362841d0*UTmp(7)
        UTmp(10)=7.01692604294322d-1*UTmp(2)
        UTmp(11)=1.0498d-1+UTmp(10)
        UTmp(12)=log(UTmp(11))
        UTmp(13)=2.d0*UTmp(12)
        UTmp(14)=R**(1.d0/3.d0)
        UTmp(15)=1/UTmp(14)
        UTmp(16)=4.92372510921348d-1*UTmp(15)
        UTmp(17)=2.61551708095083d0*UTmp(2)
        UTmp(18)=1.29352d1+UTmp(16)+UTmp(17)
        UTmp(19)=log(UTmp(18))
        UTmp(20)=-UTmp(19)
        UTmp(21)=UTmp(9)+UTmp(13)+UTmp(20)
        UTmp(22)=3.11676086789438d-2*UTmp(21)
        UTmp(23)=log(R)
        UTmp(24)=-UTmp(23)
        UTmp(25)=-6.93147180559945d-1+UTmp(24)
        UTmp(26)=3.33333333333333d-1*UTmp(25)
        UTmp(27)=-4.7747065276706d-1+UTmp(8)+UTmp(20)+UTmp(22)+UTmp(26)
        UTmp(28)=R**(4.d0/3.d0)
        UTmp(29)=1/UTmp(28)
        UTmp(30)=-8.20620851535581d-2*UTmp(29)
        UTmp(31)=R**(7.d0/6.d0)
        UTmp(32)=1/UTmp(31)
        UTmp(33)=-2.17959756745902d-1*UTmp(32)
        UTmp(34)=UTmp(30)+UTmp(33)
        UTmp(35)=1/UTmp(18)
        UTmp(36)=-(UTmp(34)*UTmp(35))
        UTmp(37)=UTmp(4)**2
        UTmp(38)=1/UTmp(37)
        UTmp(39)=3.78469910464d1*UTmp(38)
        UTmp(40)=1.d0+UTmp(39)
        UTmp(41)=1/UTmp(40)
        Ei=6.21814d-2*R*UTmp(27)
        VTmp(1)=3.10907d-2*UTmp(27)
        VTmp(2)=-1.66666666666667d-1/R+UTmp(36)
        VTmp(3)=8.71839026983609d-1*UTmp(32)*UTmp(38)*UTmp(41)
        VTmp(4)=(-1.16948767382387d-1*UTmp(32))/UTmp(11)
        VTmp(5)=UTmp(36)+8.22729900584398d-1*UTmp(32)*UTmp(38)*UTmp(41)
        VTmp(6)=R*(VTmp(2)+VTmp(3)+3.11676086789438d-2*(VTmp(4)+VTmp(5)))
        dEdRhoi=VTmp(1)+6.21814d-2*VTmp(6)
        dEdGami=0
