        R1=R**(1.d0/6.d0)
        R2=1/R1
        R3=1.40338520858864d0*R2
        R4=3.72744d0+R3
        R5=1/R4
        R6=6.15199081975908d0*R5
        R7=atan(R6)
        R8=1.21178334272806d0*R7
        R9=1.14352576362841d0*R7
        R10=7.01692604294322d-1*R2
        R11=1.0498d-1+R10
        R12=log(R11)
        R13=2.d0*R12
        R14=R**(1.d0/3.d0)
        R15=1/R14
        R16=4.92372510921348d-1*R15
        R17=2.61551708095083d0*R2
        R18=1.29352d1+R16+R17
        R19=log(R18)
        R20=-R19
        R21=R13+R20+R9
        R22=3.11676086789438d-2*R21
        R23=log(R)
        R24=-R23
        R25=-6.93147180559945d-1+R24
        R26=3.33333333333333d-1*R25
        R27=-4.7747065276706d-1+R20+R22+R26+R8
        R28=R**(4.d0/3.d0)
        R29=1/R28
        R30=-8.20620851535581d-2*R29
        R31=R**(7.d0/6.d0)
        R32=1/R31
        R33=-2.17959756745902d-1*R32
        R34=R30+R33
        R35=1/R18
        R36=-(R34*R35)
        R37=R4**2
        R38=1/R37
        R39=3.78469910464d1*R38
        R40=1.d0+R39
        R41=1/R40
        Ei=6.21814d-2*R*R27
        RTmp1=3.10907d-2*R27
        RTmp2=-1.66666666666667d-1/R+R36
        RTmp3=8.71839026983609d-1*R32*R38*R41
        RTmp4=(-1.16948767382387d-1*R32)/R11
        RTmp5=R36+8.22729900584398d-1*R32*R38*R41
        RTmp6=RTmp3
        RTmp7=3.11676086789438d-2*(RTmp4+RTmp5)
        RTmp8=R*(RTmp2+RTmp6+RTmp7)
        dEdRhoi=RTmp1+6.21814d-2*RTmp8
        dEdGami=0
