        Ei=-1.8610514726982D0*R**(4.D0/3.D0)
        dEdRhoi=-1.2407009817988D0*R**(1.D0/3.D0)
        dEdGami=0
