        Ei=-1.8610514726982d0*R**(4.d0/3.d0)
        dEdRhoi=-1.2407009817988d0*R**(1.d0/3.d0)
        dEdAbsGradRho2i=0
