
#####################################
#Mg-O
#Name="_b3lyp_DistMat_MgO__";
#dmin=1.95;
#dmax=2.30;
#####################################
#Si-O
Name="_b3lyp_DistMat_SiO__";
dmin=1.50;
dmax=1.70;
#####################################

#Geo in Atom
#Q=[
#####################################
#2x1x1
#       4.76156       10.18345        6.11814  
#       4.76129       10.18146        3.05958  
#       2.38046        5.09130        0.00141  
#       2.38039        5.09085        3.06028  
#       4.80824        2.83340        4.58963  
#       4.71462        7.34953        1.52862  
#       2.42698        2.25786        1.52836  
#       2.33456        7.92554        4.58986  
#       0.33791        4.13069        1.52985  
#       4.42254        6.05249        4.58962  
#       2.71952        0.96088        4.58894  
#       2.04170        9.22252        1.52970  
#       1.09034        0.93582        4.58999  
#       3.67064        9.24748        1.52863  
#       3.47116        4.15601        1.52910  
#       1.28965        6.02743        4.59058  
#       1.31838        0.54031        1.52804  
#       3.44277        9.64348        4.59066  
#       3.69889        4.55057        4.59108  
#       1.06162        5.63258        1.52877  
#       1.04963        3.44607        2.84719  
#       3.71060        6.73872        5.90550  
#       3.43088        1.64492        3.27125  
#       1.32976        8.53645        0.21324  
#       3.71122        6.73703        3.27210  
#       1.05015        3.44455        0.21389  
#       1.33059        8.53872        2.84767  
#       3.43133        1.64704        5.90504  
#       9.52382       10.18334        6.11868  
#       0.00076        0.00076        3.05949  
#       7.14230        5.09173        6.11759  
#       7.14219        5.09191        3.05925  
#       0.04672        2.83404        4.58984  
#       9.47532        7.34928        1.52916  
#       7.18788        2.25802        1.52878  
#       7.09572        7.92572        4.58968  
#       5.10035        4.13093        1.52953  
#       9.18464        6.05282        4.58954  
#       7.48131        0.96067        4.58912  
#       6.80373        9.22251        1.52955  
#       5.85193        0.93532        4.59012  
#       8.43295        9.24721        1.52882  
#       8.23305        4.15607        1.52872  
#       6.05140        6.02746        4.59011  
#       6.08003        0.53985        1.52835  
#       8.20466        9.64311        4.59042  
#       8.46105        4.55085        4.59045  
#       5.82400        5.63273        1.52797  
#       5.81160        3.44662        2.84723  
#       8.47253        6.73873        5.90550  
#       8.19251        1.64508        3.27130  
#       6.09146        8.53616        0.21324  
#       8.47288        6.73729        3.27221  
#       5.81219        3.44441        0.21385  
#       6.09200        8.53798        2.84724  
#       8.19329        1.64700        5.90545  
#####################################
#2x1x2
#Q=[   4.77641        0.01038        5.98420  
#      4.77569        0.01127        2.98646  
#      2.38174        5.13929        5.98438  
#      2.38245        5.13983        2.98676  
#      4.80897        2.86014        4.48589  
#      4.74232        7.42040        1.48905  
#      2.41576        2.29076        1.48863  
#      2.34902        7.98898        4.48538  
#      0.32883        4.17568        1.48797  
#      4.43540        6.10456        4.48668  
#      2.72262        0.97515        4.48648  
#      2.04158        9.30478        1.48788  
#      1.09586        0.94304        4.48614  
#      3.66841        9.33702        1.48829  
#      3.48915        4.20764        1.48786  
#      1.27511        6.07240        4.48638  
#      1.31434        0.55037        1.48817  
#      3.45003        9.72991        4.48582  
#      3.70801        4.60052        4.48613  
#      1.05609        5.67973        1.48824  
#      1.05763        3.47706        2.79349  
#      3.70672        6.80279        5.79197  
#      3.45104        1.67432        3.18138  
#      1.31355        8.60666        0.18224  
#      3.70680        6.80332        3.18145  
#      1.05715        3.47731        0.18212  
#      1.31275        8.60620        2.79338  
#      3.45135        1.67342        5.79201  
#      4.77584        0.01045       11.98002  
#      4.77528        0.01160        8.98215  
#      2.38134        5.14033       11.98002  
#      2.38273        5.14059        8.98215  
#      4.80835        2.86007       10.48128  
#      4.74223        7.42032        7.48425  
#      2.41585        2.29085        7.48435  
#      2.34922        7.98912       10.48061  
#      0.32904        4.17552        7.48401  
#      4.43565        6.10452       10.48216  
#      2.72232        0.97502       10.48204  
#      2.04184        9.30494        7.48340  
#      1.09558        0.94298       10.48157  
#      3.66876        9.33730        7.48368  
#      3.48918        4.20783        7.48383  
#      1.27493        6.07249       10.48146  
#      1.31444        0.55053        7.48384  
#      3.44977        9.72969       10.48132  
#      3.70802        4.60061       10.48165  
#      1.05636        5.67963        7.48416  
#      1.05753        3.47657        8.78891  
#      3.70660        6.80323       11.78773  
#      3.45118        1.67382        9.17705  
#      1.31329        8.60668        6.17792  
#      3.70691        6.80317        9.17650  
#      1.05724        3.47726        6.17835  
#      1.31324        8.60599        8.78875  
#      3.45071        1.67360       11.78724  
#      9.56334        0.01091        5.98432  
#      9.56260        0.01138        2.98673  
#      7.16978        5.13981        5.98484  
#      7.16914        5.14082        2.98700  
#      0.02110        2.85985        4.48584  
#      9.52893        7.42036        1.48946  
#      7.20331        2.29108        1.48892  
#      7.13576        7.98910        4.48583  
#      5.11625        4.17552        1.48805  
#      9.22277        6.10445        4.48665  
#      7.50961        0.97508        4.48655  
#      6.82890        9.30503        1.48805  
#      5.88292        0.94295        4.48612  
#      8.45575        9.33705        1.48848  
#      8.27655        4.20771        1.48830  
#      6.06227        6.07246        4.48623  
#      6.10177        0.55043        1.48821  
#      8.23708        9.72969        4.48620  
#      8.49511        4.60065        4.48623  
#      5.84341        5.67972        1.48800  
#      5.84500        3.47706        2.79357  
#      8.49407        6.80267        5.79207  
#      8.23833        1.67390        3.18148  
#      6.10057        8.60656        0.18271  
#      8.49383        6.80361        3.18130  
#      5.84474        3.47738        0.18238  
#      6.10041        8.60653        2.79324  
#      8.23828        1.67357        5.79194  
#      9.56327        0.01041       11.98007  
#      9.56284        0.01147        8.98233  
#      7.16936        5.13981       11.98017  
#      7.16978        5.14063        8.98245  
#      0.02137        2.85980       10.48060  
#      9.52945        7.42074        7.48484  
#      7.20308        2.29108        7.48481  
#      7.13626        7.98884       10.48069  
#      5.11617        4.17569        7.48384  
#      9.22279        6.10453       10.48218  
#      7.50964        0.97496       10.48221  
#      6.82903        9.30503        7.48390  
#      5.88272        0.94267       10.48126  
#      8.45599        9.33712        7.48404  
#      8.27670        4.20770        7.48409  
#      6.06239        6.07223       10.48171  
#      6.10188        0.55021        7.48396  
#      8.23721        9.72957       10.48157  
