
#wrap the coor back in the cell (0==No, 1==Yes)
wrap=1;
rscl=0;
# Name of the output
Name="XXX";

# Input and output Coord Format "Frac" or "Atom"
InputCoordFormat="Atom";

# a b c alpha beta gamma
t=[ 9.574460/2 10.258702 11.991359/2 90.0 90.0 90.0 ];
#t=[14.362687/3 10.257567 11.990901/2 90.0 90.0 90.0 ];

#Geo in Frac or Atom

##########
#2x1x2
Q=[12         4.77641        0.01038        5.98420  
 12         4.77569        0.01127        2.98646  
 12         2.38174        5.13929        5.98438  
 12         2.38245        5.13983        2.98676  
 12         4.80897        2.86014        4.48589  
 12         4.74232        7.42040        1.48905  
 12         2.41576        2.29076        1.48863  
 12         2.34902        7.98898        4.48538  
 14         0.32883        4.17568        1.48797  
 14         4.43540        6.10456        4.48668  
 14         2.72262        0.97515        4.48648  
 14         2.04158        9.30478        1.48788  
 8          1.09586        0.94304        4.48614  
 8          3.66841        9.33702        1.48829  
 8          3.48915        4.20764        1.48786  
 8          1.27511        6.07240        4.48638  
 8          1.31434        0.55037        1.48817  
 8          3.45003        9.72991        4.48582  
 8          3.70801        4.60052        4.48613  
 8          1.05609        5.67973        1.48824  
 8          1.05763        3.47706        2.79349  
 8          3.70672        6.80279        5.79197  
 8          3.45104        1.67432        3.18138  
 8          1.31355        8.60666        0.18224  
 8          3.70680        6.80332        3.18145  
 8          1.05715        3.47731        0.18212  
 8          1.31275        8.60620        2.79338  
 8          3.45135        1.67342        5.79201  
 12         4.77584        0.01045       11.98002  
 12         4.77528        0.01160        8.98215  
 12         2.38134        5.14033       11.98002  
 12         2.38273        5.14059        8.98215  
 12         4.80835        2.86007       10.48128  
 12         4.74223        7.42032        7.48425  
 12         2.41585        2.29085        7.48435  
 12         2.34922        7.98912       10.48061  
 14         0.32904        4.17552        7.48401  
 14         4.43565        6.10452       10.48216  
 14         2.72232        0.97502       10.48204  
 14         2.04184        9.30494        7.48340  
 8          1.09558        0.94298       10.48157  
 8          3.66876        9.33730        7.48368  
 8          3.48918        4.20783        7.48383  
 8          1.27493        6.07249       10.48146  
 8          1.31444        0.55053        7.48384  
 8          3.44977        9.72969       10.48132  
 8          3.70802        4.60061       10.48165  
 8          1.05636        5.67963        7.48416  
 8          1.05753        3.47657        8.78891  
 8          3.70660        6.80323       11.78773  
 8          3.45118        1.67382        9.17705  
 8          1.31329        8.60668        6.17792  
 8          3.70691        6.80317        9.17650  
 8          1.05724        3.47726        6.17835  
 8          1.31324        8.60599        8.78875  
 8          3.45071        1.67360       11.78724  
 12         9.56334        0.01091        5.98432  
 12         9.56260        0.01138        2.98673  
 12         7.16978        5.13981        5.98484  
 12         7.16914        5.14082        2.98700  
 12         0.02110        2.85985        4.48584  
 12         9.52893        7.42036        1.48946  
 12         7.20331        2.29108        1.48892  
 12         7.13576        7.98910        4.48583  
 14         5.11625        4.17552        1.48805  
 14         9.22277        6.10445        4.48665  
 14         7.50961        0.97508        4.48655  
 14         6.82890        9.30503        1.48805  
 8          5.88292        0.94295        4.48612  
 8          8.45575        9.33705        1.48848  
 8          8.27655        4.20771        1.48830  
 8          6.06227        6.07246        4.48623  
 8          6.10177        0.55043        1.48821  
 8          8.23708        9.72969        4.48620  
 8          8.49511        4.60065        4.48623  
 8          5.84341        5.67972        1.48800  
 8          5.84500        3.47706        2.79357  
 8          8.49407        6.80267        5.79207  
 8          8.23833        1.67390        3.18148  
 8          6.10057        8.60656        0.18271  
 8          8.49383        6.80361        3.18130  
 8          5.84474        3.47738        0.18238  
 8          6.10041        8.60653        2.79324  
 8          8.23828        1.67357        5.79194  
 12         9.56327        0.01041       11.98007  
 12         9.56284        0.01147        8.98233  
 12         7.16936        5.13981       11.98017  
 12         7.16978        5.14063        8.98245  
 12         0.02137        2.85980       10.48060  
 12         9.52945        7.42074        7.48484  
 12         7.20308        2.29108        7.48481  
 12         7.13626        7.98884       10.48069  
 14         5.11617        4.17569        7.48384  
 14         9.22279        6.10453       10.48218  
 14         7.50964        0.97496       10.48221  
 14         6.82903        9.30503        7.48390  
 8          5.88272        0.94267       10.48126  
 8          8.45599        9.33712        7.48404  
 8          8.27670        4.20770        7.48409  
 8          6.06239        6.07223       10.48171  
 8          6.10188        0.55021        7.48396  
 8          8.23721        9.72957       10.48157  
 8          8.49549        4.60051       10.48159  
 8          5.84364        5.67954        7.48404  
 8          5.84481        3.47702        8.78918  
 8          8.49413        6.80259       11.78788  
 8          8.23846        1.67386        9.17710  
 8          6.10054        8.60676        6.17823  
 8          8.49402        6.80300        9.17687  
 8          5.84466        3.47745        6.17830  
 8          6.10026        8.60622        8.78890  
 8          8.23836        1.67352       11.78757  
##########
#3x1x2
#Q=[ 12       4.77082       10.25398        5.99418  
# 12       4.77091       10.25404        2.99666  
# 12       2.37715        5.12533        5.99445  
# 12       2.37713        5.12525        2.99652  
# 12       4.80452        2.84531        4.49551  
# 12       4.73760        7.40517        1.49794  
# 12       2.41058        2.27634        1.49777  
# 12       2.34374        7.97351        4.49545  
# 14       0.32383        4.16063        1.49764  
# 14       4.43071        6.08911        4.49540  
# 14       2.71734        0.96078        4.49545  
# 14       2.03713        9.28870        1.49787  
# 8        1.09038        0.92903        4.49541  
# 8        3.66373        9.32144        1.49792  
# 8        3.48427        4.19289        1.49777  
# 8        1.26986        6.05669        4.49534  
# 8        1.31006        0.53552        1.49796  
# 8        3.44445        9.71427        4.49549  
# 8        3.70310        4.58532        4.49547  
# 8        1.05123        5.66422        1.49766  
# 8        1.05268        3.46216        2.80277  
# 8        3.70190        6.78766        5.80036  
# 8        3.44629        1.65906        3.19034  
# 8        1.30816        8.59085        0.19228  
# 8        3.70210        6.78763        3.19050  
# 8        1.05261        3.46197        0.19277  
# 8        1.30824        8.59096        2.80327  
# 8        3.44630        1.65921        5.80049  
# 12       4.77085       10.25449       11.99007  
# 12       4.77096       10.25399        8.99210  
# 12       2.37753        5.12564       11.99025  
# 12       2.37725        5.12501        8.99198  
