     CASE(0) 
        Omega1=2.82094791773878d-1
     CASE(1) 
        Omega1=4.8860251190292d-1*(Kx+Ky+Kz)
     CASE(2) 
        W(1)=-1.d0+1.73205080756888d0*Kx**2+3.46410161513775d0*Kx*Ky
        W(2)=-1.73205080756888d0*Ky**2+3.46410161513775d0*Kx*Kz
        W(3)=3.46410161513775d0*Ky*Kz+3.d0*Kz**2
        Omega1=3.1539156525252d-1*(W(1)+W(2)+W(3))
     CASE(3) 
        W(1)=-2.44948974278318d0*Kx+3.16227766016838d0*Kx**3-2.44948974278318d0*Ky
        W(2)=9.48683298050514d0*Kx**2*Ky
        W(3)=-9.48683298050514d0*Kx*Ky**2-3.16227766016838d0*Ky**3
        W(4)=-6.d0*Kz
        W(5)=7.74596669241483d0*Kx**2*Kz+1.54919333848297d1*Kx*Ky*Kz
        W(6)=-7.74596669241483d0*Ky**2*Kz+1.22474487139159d1*Kx*Kz**2
        W(7)=1.22474487139159d1*Ky*Kz**2+1.d1*Kz**3
        W(8)=W(1)+W(2)+W(3)+W(4)+W(5)+W(6)+W(7)
        Omega1=1.86588166295058d-1*W(8)
