        UTmp(1)=R**(4.D0/3.D0)
        UTmp(2)=sqrt(A)
        UTmp(3)=1/UTmp(1)
        UTmp(4)=1.D0*UTmp(2)*UTmp(3)
        UTmp(5)=asinh(UTmp(4))
        UTmp(6)=2.52D-2*UTmp(2)*UTmp(3)*UTmp(5)
        UTmp(7)=1.D0+UTmp(6)
        UTmp(8)=1/UTmp(7)
        UTmp(9)=R**(8.D0/3.D0)
        UTmp(10)=1/UTmp(9)
        UTmp(11)=4.51357747124611D-3*A*UTmp(10)
        UTmp(12)=1.D0+UTmp(6)+UTmp(11)
        UTmp(13)=R**(1.1D1/3.D0)
        UTmp(14)=1/UTmp(13)
        UTmp(15)=1.D0*A*UTmp(10)
        UTmp(16)=1.D0+UTmp(15)
        UTmp(17)=sqrt(UTmp(16))
        UTmp(18)=1/UTmp(17)
        UTmp(19)=-1.68D-2*A*UTmp(14)*UTmp(18)
        UTmp(20)=R**(7.D0/3.D0)
        UTmp(21)=1/UTmp(20)
        UTmp(22)=-1.68D-2*UTmp(2)*UTmp(5)*UTmp(21)
        UTmp(23)=UTmp(7)**2
        UTmp(24)=1/UTmp(23)
        UTmp(25)=6.3D-3*UTmp(10)*UTmp(18)
        UTmp(26)=1/UTmp(2)
        UTmp(27)=6.3D-3*UTmp(3)*UTmp(5)*UTmp(26)
        UTmp(28)=3.15D-3*UTmp(10)*UTmp(18)
        UTmp(29)=3.15D-3*UTmp(3)*UTmp(5)*UTmp(26)
        Ei=-1.8610514726982D0*UTmp(1)*UTmp(8)*UTmp(12)
        VTmp(1)=-1.2407009817988D0*R**(1.D0/3.D0)*UTmp(8)*UTmp(12)
        VTmp(2)=-1.8610514726982D0*UTmp(1)
        VTmp(3)=UTmp(8)*(-6.01810329499482D-3*A*UTmp(14)+UTmp(19)+UTmp(22))
        VTmp(4)=1.8610514726982D0*UTmp(1)*UTmp(12)*(UTmp(19)+UTmp(22))*UTmp(24)
        dEdRhoi=VTmp(1)+VTmp(2)*VTmp(3)+VTmp(4)
        VTmp(1)=1.8610514726982D0*UTmp(1)*UTmp(12)*UTmp(24)*(UTmp(25)+UTmp(27))
        VTmp(2)=-1.8610514726982D0*UTmp(1)
        VTmp(3)=UTmp(8)*(2.25678873562306D-3*UTmp(10)+UTmp(25)+UTmp(27))
        VTmp(4)=1.8610514726982D0*UTmp(1)*UTmp(12)*UTmp(24)*(UTmp(28)+UTmp(29))
        VTmp(5)=-1.8610514726982D0*UTmp(1)
        VTmp(6)=UTmp(8)*(1.12839436781153D-3*UTmp(10)+UTmp(28)+UTmp(29))
        VTmp(7)=VTmp(2)*VTmp(3)
        VTmp(8)=2.D0*(VTmp(4)+VTmp(5)*VTmp(6))
        dEdGami=VTmp(1)+VTmp(7)+VTmp(8)
