     Exc(1) = -1.86105147269800D0*RhoXX(1)**(4.D0/3.D0)
     Vxc(1) =  0.66666666666666D0*Exc(1)/RhoXX(1)
 
